Techniques=FFKeepUI@KeepUI_FFXIV.fx,Colourfulness@Colourfulness.fx,AmbientLight@AmbientLight.fx,ContrastAdaptiveSharpen@CAS.fx,DepthHaze@DepthHaze.fx,Bessel_Bloom@Bessel_Bloom.fx,BilateralCS@BilateralCS.fx,Flashlight@Flashlight.fx,LocalContrastCS@LocalContrastCS.fx,prod80_03_Shadows_Midtones_Highlights@PD80_03_Shadows_Midtones_Highlights.fx,Vibrance@Vibrance.fx,prod80_03_FilmicTonemap@PD80_03_Filmic_Adaptation.fx,FFRestoreUI@KeepUI_FFXIV.fx

[AmbientLight.fx]
alAdapt=0.700000
alAdaptBaseBlackLvL=2
alAdaptBaseMult=1.000000
alDebug=0
alDirtInt=1.000000
alDirtOVInt=1.000000
alInt=10.150000
alLensInt=2.000000
alLensThresh=0.500000
alThreshold=15.000000
AL_Adaptation=1
AL_Adaptive=0
AL_Dirt=1
AL_DirtTex=0
AL_Dither=1
AL_Lens=0
AL_Vibrance=0

[Bessel_Bloom.fx]
Debug=0
Gamma=2.200000
Intensity=1.000000
K=128.000000
Performance=2
Saturation=1.000000
SoftKnee=0.500000
Threshold=0.700000

[BilateralCS.fx]
Sharpen=0
Strength=1.000000
WeightExponent=30.000000

[CAS.fx]
Contrast=0.000000
Sharpening=1.000000

[Colourfulness.fx]
backbuffer_bits=8.000000
colourfulness=0.400000
col_noise=1
enable_dither=0
lim_luma=0.700000

[DepthHaze.fx]
EffectStrength=0.900000
FogColor=0.800000,0.800000,0.800000
FogFactor=0.200000
FogStart=0.200000

[Flashlight.fx]
uBrightness=9.260000
uColor=0.318627,0.265381,0.201485
uDistance=0.045000
uSize=996.000000

[KeepUI_FFXIV.fx]
iOccludeToggle=0

[LocalContrastCS.fx]
Strength=1.000000
WeightExponent=5.000000

[PD80_03_Filmic_Adaptation.fx]
adj_linear=1.645000
adj_shoulder=2.494000
adj_toe=1.468000

[PD80_03_Shadows_Midtones_Highlights.fx]
blendcolor_h=1.000000,1.000000,1.000000
blendcolor_m=0.980000,0.588000,0.000000
blendcolor_s=0.000000,0.365000,1.000000
blendmode_h=0
blendmode_m=0
blendmode_s=0
brightness_h=0.000000
brightness_m=0.000000
brightness_s=0.283000
contrast_h=0.000000
contrast_m=0.000000
contrast_s=0.283000
dither_strength=2.000000
enable_dither=1
exposure_h=0.000000
exposure_m=0.000000
exposure_s=0.000000
luma_mode=2
opacity_h=0.000000
opacity_m=0.000000
opacity_s=0.000000
saturation_h=0.000000
saturation_m=0.000000
saturation_s=0.309000
separation_mode=0
tint_h=0.000000
tint_m=0.000000
tint_s=0.000000
vibrance_h=0.000000
vibrance_m=0.000000
vibrance_s=0.506000

[Vibrance.fx]
Vibrance=0.150000
VibranceRGBBalance=1.000000,1.000000,1.000000

