Techniques=FFKeepUI@KeepUI_FFXIV.fx,Blooming_HDR@BloomingHDR.fx,DepthHaze@DepthHaze.fx,prod80_02_Bonus_LUT_pack@PD80_02_Bonus_LUT_pack.fx,prod80_02_Cinetools_LUT@PD80_02_Cinetools_LUT.fx,FFRestoreUI@KeepUI_FFXIV.fx

[BloomingHDR.fx]
Adapt_Adjust=0.500000
Adapt_Seek=0.500000
Auto_Bloom=0
Auto_Exposure=1
BloomCurve=2.000000
BloomSensitivity=1.000000
Bloom_BA_iToneMapper=0
Bloom_Intensity=0.100000,0.500000
Bloom_Spread=1.000000
CBT_Adjust=0.500000
Contrast=1.000000
Debug_View=0
Dither_Bloom=0.125000
Exp=0.000000
Gamma=2.200000
GreyValue=0.128000
HDR_BP=0.500000
Inv_Tonemappers=2
Saturate=1.000000
Saturation=0.250000,0.250000
Tonemappers=0
WP=1.000000

[DepthHaze.fx]
EffectStrength=0.900000
FogColor=0.800000,0.800000,0.800000
FogFactor=0.200000
FogStart=0.200000

[KeepUI_FFXIV.fx]
iOccludeToggle=0

[PD80_02_Bonus_LUT_pack.fx]
dither_strength=1.943000
enable_dither=1
ib=0.000000,0.000000,0.000000
ig=1.000000
iw=1.000000,1.000000,1.000000
ob=0.000000,0.000000,0.000000
ow=1.000000,1.000000,1.000000
PD80_Intensity=1.000000
PD80_LutSelector=31
PD80_MixChroma=1.000000
PD80_MixLuma=1.000000

[PD80_02_Cinetools_LUT.fx]
dither_strength=1.000000
enable_dither=1
ib=0.000000,0.000000,0.000000
ig=1.000000
iw=1.000000,1.000000,1.000000
ob=0.000000,0.000000,0.000000
ow=1.000000,1.000000,1.000000
PD80_Intensity=1.000000
PD80_LutSelector=7
PD80_MixChroma=1.000000
PD80_MixLuma=1.000000

