Techniques=FFKeepUI@KeepUI_FFXIV.fx,AdaptiveSharpen@AdaptiveSharpen.fx,prod80_04_Technicolor@PD80_04_Technicolor.fx,Colourfulness@Colourfulness.fx,MagicHDR@MagicHDR.fx,AdvancedCRT@CRT.fx,DosFX_Tech@DOSGame.fx,FFRestoreUI@KeepUI_FFXIV.fx

[AdaptiveSharpen.fx]
curveslope=0.500000
curve_height=1.000000
D_compr_high=0.500000
D_compr_low=0.250000
D_overshoot=0.009000
L_compr_high=0.334000
L_compr_low=0.167000
L_overshoot=0.003000
pm_p=0.700000
scale_cs=0.056000
scale_lim=0.100000

[Colourfulness.fx]
backbuffer_bits=8.000000
colourfulness=1.400000
col_noise=1
enable_dither=1
lim_luma=1.000000

[CRT.fx]
Amount=0.394000
Angle=0.000000,0.000000
Brightness=0.900000
CornerSize=0.010000
Curvature=0
CurvatureRadius=1.500000
Gamma=2.400000
MonitorGamma=2.959000
Oversample=1
Overscan=1.040000
Resolution=1.150000
ScanlineGaussian=1
ScanlineIntensity=3
ViewerDistance=2.000000

[DOSGame.fx]
DOSCOLOR=1
DOSColorsCount=16
DoSgammaValue=1.936000
DOSScreenSize=637,480
ENABLE_AGD=1
ENABLE_POSTCURVE=1
ENABLE_SCREENSIZE=1
PIXELSIZE=10
POSTCURVE=0.500000

[KeepUI_FFXIV.fx]
iOccludeToggle=0

[MagicHDR.fx]
BlendingAmount=0.500000
BlendingBase=0.800000
BloomAmount=0.300000
BloomBrightness=3.000000
BloomSaturation=1.000000
BlurSize=0.500000
Exposure=0.195000
InputExposure=0.663000
InvTonemap=0
ShowBloom=0
Tonemap=5
_Credits=0
_Help=0
_WipWarn=0

[PD80_04_Technicolor.fx]
Brightness=1.000000
colorKey=1.000000,1.000000,1.000000
ColorStrength=0.200000,0.200000,0.200000
Cyan2strip=0.000000,0.988000,1.000000
enable3strip=0
Red2strip=1.000000,0.098000,0.000000
Saturation=1.000000
Saturation2=1.500000
Strength=1.000000

